$ANSIBLE_VAULT;1.1;AES256
39633766346562653466656633646237643531386534383330303331333163653966396364663466
3439666364633837643461313132336632626234636562630a643930393032333635386631393334
31383166663135633135346633346565323036376238663337316136353732366134346438343831
3433613336633562650a613434303439306136363233373362393039633166303234623963643738
34396131633934333665303661643538366439363862346232663332643335396632313966623632
64343965626265616561383132303337353563663834386537376663343264646137653834616336
61303032333535643561653462643131323237666361313032383466643630383939323064633064
63363137356365393964313136613536653635326366376565626266653932633838623237366632
32386635336638373135353739626462376430326639393330616562633533333638343831326262
65323539623934656439313135363134363339366631383236356238323530646563316237613861
37353464396532633430343435613563343030393762353833343039306462646131303730616664
63343833376532343031323664383330653030303637336530333564656263346630363039363232
36643531636538326466333335353938376537633364643465396363613162626133646564636237
39636434656138366139316639323735303162393135613232306138353966326362643931633634
38353131363264663264336136343436393832333937366164313337366436643237363630346461
38356163383461333335373362386666363530663733666264633137343362353833393565306639
61303436336165393435376336636561366436346665316661623365363431643138
