$ANSIBLE_VAULT;1.1;AES256
61656561353132633733653765633239323163386131303834623933323866393232633533383132
3037653634326566313737663762326434626266373833340a646163333839343137356135633032
32373364323630383466386332653432383866643761396161663938326561393934393130306334
6664376539353461620a303133326462373862653761626337373430326165353534306663363931
61306361333736356536333138356262626637346435313832376233653531396236636463343837
36363230653637323330653864326261623766656432333262363966333665353438323161376334
39633736363564353633376364623632636636383666653035656663626263336461343334353835
61316365656631643365383165613938333233363761663234646339616433656366353934313833
31346462353633303666616364623037303964383066393334323266303138626135663336396135
31623431346238303365653632623832356565326161633161633566616538646237303536346130
35363366343961356463653035373638613034333237303334613062646666633433646164623836
64643238656638643136626264626530663738343366313861323831656333346263616165653031
64653732643835653635303139623033373137393631623762623565616463323333303431643735
30386635373366313830663739323066333837323863313633633135346561386431313566323266
30356537303332666339353161396231303031303865373562653165633965363266313734366330
39653866323739663261356136346661323339383362373465636338323563366534666430363665
63303131336539383931303066626630656562346534393533336263666661666534386266386535
64323537356362366562623838393864643338633962643035356332653733303635313331396232
34366431346437663339333162353534653539353236613137346262396165306136336132633237
31326233393761393931616330396366356538373261663334623731616332623931656635346335
36336462653163303735363461623264636535303836656265626534373030636461353036643531
38653732666634373737386561396464393633646436333761323436313035303834383635336365
39626461313439383138363530643036303138336335303462613661656664333262386637323735
62663634303533633932616161633534333463613338383639316633653630343236626236373036
31363464323837363933383164393465343538393137663364656639633765306135363764316661
36616436343032616636353032303832643835396361376435313961393434626435663132646534
31353837303732626664326235343730653061646631313336656135343633633761346135626239
37646232383331636464386362383765646463316432383237363335333439303231316136663432
61306534376161613163363434306334363135663261333038393166346163323130323830623639
30323261383033363664376634643933353931393862333430633935316433613231383063613433
65373437326531313734333235383364383437613539646238633331303261333566653064396365
61646566643235353466396261306666646234313537386161623436303732613232613133373534
65383065623934623838386434653037663164316135353461326664313565386666343038303133
39303438363964663539613766336663353062333338666263633439343835373265343035353134
32333166313035303365336165353466643031356635373238643532656335333537363965306266
62376530626262306238343533623964356332646534656335663162356264333838613365313865
31343862383330656632653937666236303132313237326165636235623034306463646439366537
3137386231326330303230336362663938653866376534366661
